PSNR: 29.70323147759541
SSIM: 0.5548717299631862
