PSNR: 28.42439072271199
SSIM: 0.225069325921296
