PSNR: 30.896939772812196
SSIM: 0.5447037943001525
